1.09 0.84 0.16 0
0.19 0.19 0.19 1
1.32 0.27 0.24 0
0.18 1.42 0.26 0
2.18 0.8 0.67 0
1.21 1.21 1.21 1
1.55 1.55 1.55 1
0.14 0.14 0.14 1
0.6 0.6 0.6 1
0.89 0.89 0.89 1
1.64 1.64 1.64 1
0.56 0.59 0.22 0
1.08 0.93 1.49 0
0.87 0.11 1.87 0
0.14 0.19 0.74 0
0.65 0.55 1.39 0
0.1 0.1 0.1 1
0.72 0.45 0.01 0
1.98 1.44 1.35 0
0.59 0.98 0.58 0
0.01 0.64 1.26 0
0.1 0.1 0.1 1
1.85 1.96 0.56 0
1.75 1.75 1.75 1
0.16 0.16 0.16 1
0.16 0.74 0.08 0
1.04 0.83 1.25 0
0.76 0.85 0.17 0
0.18 0.18 0.18 1
1.16 1.16 1.16 1
0.73 2.48 0.66 0
1.22 1.22 1.22 1
1.21 1.21 1.21 1
1.08 1.08 1.08 1
0.77 0.77 0.77 1
0.98 0.98 0.98 1
0.68 1.08 1.03 0
0.02 0.11 1.74 0
0.42 0.42 0.42 1
0.2 0.2 0.2 1
0.53 0.53 0.53 1
1.0 1.03 0.19 0
0.3 0.73 1.46 0
1.46 1.46 1.46 1
0.2 0.2 0.2 1
0.76 0.76 0.76 1
1.15 0.57 0.01 0
0.88 1.03 0.44 0
0.17 0.55 1.07 0
0.51 1.43 0.63 0
0.76 0.76 0.76 1
0.07 0.07 0.02 0
0.45 0.45 0.45 1
1.39 1.39 1.39 1
0.55 0.92 0.39 0
0.14 0.81 0.58 0
0.31 0.68 0.85 0
1.53 1.53 1.53 1
0.32 0.03 0.04 0
0.31 0.31 0.31 1
1.43 1.43 1.43 1
1.5 0.46 0.87 0
1.4 1.4 1.4 1
1.15 0.79 1.0 0
1.16 0.14 1.77 0
1.72 0.91 0.11 0
0.77 0.77 0.77 1
0.55 0.12 0.5 0
1.15 0.23 0.55 0
1.57 0.04 0.05 0
0.26 0.26 0.26 1
1.13 0.07 0.8 0
1.88 0.22 0.48 0
2.04 0.71 0.3 0
0.73 0.13 1.64 0
0.56 0.56 0.56 1
1.44 1.44 1.44 1
1.65 1.65 1.65 1
1.25 0.77 2.89 0
0.85 0.85 0.85 1
1.16 0.95 0.45 0
0.63 1.54 0.15 0
0.02 0.02 0.02 1
0.11 1.37 0.73 0
1.16 1.12 0.64 0
0.86 0.86 0.86 1
0.61 0.61 0.61 1
1.25 1.55 0.07 0
0.35 0.35 0.35 1
0.52 0.52 0.52 1
0.58 0.58 0.58 1
0.2 0.2 0.2 1
0.54 0.82 0.42 0
1.72 0.11 0.8 0
1.45 0.15 0.54 0
1.46 1.46 1.46 1
2.95 2.95 2.95 1
1.08 0.15 0.81 0
0.44 0.04 1.44 0
0.9 0.93 0.2 0
0.05 0.25 2.29 0
2.65 0.21 0.38 0
1.54 0.84 0.58 0
0.8 0.8 0.8 1
0.05 1.69 0.86 0
1.47 1.47 1.47 1
1.57 1.57 1.57 1
0.4 0.4 0.4 1
1.1 0.47 1.53 0
0.33 0.33 0.33 1
1.95 1.95 1.95 1
0.79 0.12 1.35 0
0.75 0.75 0.75 1
1.2 1.2 1.2 1
0.24 0.24 0.24 1
0.41 0.45 0.22 0
1.08 1.04 0.41 0
1.59 0.57 0.33 0
0.32 1.61 1.67 0
0.63 0.25 2.12 0
2.57 2.57 2.57 1
0.3 0.3 0.3 1
0.05 0.05 0.05 1
1.79 1.79 1.79 1
0.56 0.4 0.19 0
1.6 0.29 0.98 0
0.37 0.21 0.71 0
0.57 0.57 0.57 1
1.24 0.69 0.75 0
1.3 0.71 0.34 0
0.04 0.04 0.04 1
0.23 0.55 0.95 0
0.83 0.01 0.06 0
1.22 0.84 0.44 0
0.31 0.43 0.93 0
0.05 1.35 0.85 0
1.02 1.02 1.02 1
1.4 1.4 1.4 1
1.07 0.8 2.11 0
0.78 0.78 0.78 1
1.2 0.56 0.17 0
1.03 0.43 0.25 0
0.57 1.38 0.72 0
0.01 0.01 0.01 1
1.06 1.06 1.06 1
1.09 0.18 0.76 0
0.21 0.21 0.21 1
1.42 1.42 1.42 1
0.66 0.66 0.66 1
1.31 1.31 1.31 1
0.05 0.05 0.05 1
0.64 0.3 0.77 0
0.36 0.36 0.36 1
1.25 1.25 1.25 1
0.73 2.36 2.22 0
0.67 0.67 0.67 1
0.49 0.49 0.49 1
0.17 0.17 0.17 1
0.42 0.42 0.42 1
1.04 1.04 1.04 1
1.07 1.07 1.07 1
1.15 0.8 0.62 0
0.24 2.13 1.63 0
0.41 0.41 0.41 1
0.43 0.45 0.48 0
0.84 0.25 0.48 0
0.02 0.32 0.34 0
1.43 0.29 0.76 0
0.4 1.15 1.9 0
0.41 0.7 0.71 0
0.1 0.78 0.12 0
0.04 0.64 0.23 0
0.04 0.27 0.74 0
0.6 1.75 0.4 0
1.47 1.47 1.47 1
0.15 0.15 0.15 1
0.36 0.64 0.38 0
0.93 0.93 0.93 1
2.21 0.25 0.52 0
0.07 0.5 0.07 0
2.07 0.34 1.44 0
0.4 0.4 0.4 1
0.9 0.9 0.9 1
0.09 0.09 0.09 1
1.05 0.53 1.56 0
0.67 2.41 1.85 0
0.83 0.16 0.52 0
0.1 1.31 0.53 0
0.45 0.45 0.45 1
1.81 0.19 0.82 0
0.47 0.98 0.01 0
1.87 1.87 1.87 1
0.34 0.94 1.1 0
1.0 1.0 1.0 1
1.09 1.09 1.09 1
0.55 0.22 0.13 0
0.19 0.19 0.19 1
1.04 1.96 0.26 0
0.38 0.2 0.77 0
2.9 0.28 0.16 0
0.41 0.41 0.41 1
0.76 0.01 1.23 0
0.36 0.36 0.36 1
0.4 0.4 0.4 1
1.6 1.6 1.6 1
0.54 1.09 0.69 0
0.14 0.14 0.14 1
0.1 0.1 0.1 1
0.09 0.09 0.09 1
1.3 1.3 1.3 1
0.36 0.36 0.36 1
0.37 0.37 0.37 1
0.25 0.75 1.11 0
0.38 0.38 0.38 1
0.31 0.02 1.08 0
1.16 1.16 1.16 1
0.46 1.94 1.06 0
0.22 0.22 0.22 1
1.11 1.11 1.11 1
0.05 0.05 0.05 1
1.54 1.54 1.54 1
0.62 0.62 0.62 1
1.83 0.75 0.24 0
2.81 2.81 2.81 1
0.57 0.71 1.3 0
0.83 0.83 0.83 1
0.67 0.6 1.91 0
0.4 0.4 0.4 1
1.53 0.37 1.36 0
1.14 1.14 1.14 1
0.11 1.47 0.12 0
2.26 0.38 0.87 0
0.33 0.77 0.5 0
0.55 1.2 0.54 0
0.76 0.76 0.76 1
0.22 0.22 0.22 1
0.19 1.28 0.85 0
1.02 1.35 2.22 0
1.23 1.0 0.66 0
1.0 1.0 1.0 1
0.2 0.2 0.2 1
1.49 0.54 0.44 0
2.08 2.08 2.08 1
1.42 0.45 0.89 0
0.18 0.18 0.18 1
0.29 1.34 1.14 0
1.3 1.69 2.09 0
1.3 0.62 2.05 0
0.18 0.89 0.2 0
0.23 0.55 0.93 0
0.89 0.89 0.89 1
1.04 1.04 1.04 1
1.41 1.41 1.41 1
1.18 0.43 0.59 0
1.08 0.9 0.76 0
1.52 0.27 0.11 0
0.92 0.28 0.04 0
0.93 0.93 0.93 1
2.61 0.51 1.0 0
0.96 0.36 0.75 0
1.44 0.55 0.39 0
0.13 0.13 0.13 1
1.56 1.82 0.27 0
0.25 0.25 0.25 1
0.43 0.12 1.9 0
2.0 2.0 2.0 1
0.03 1.52 0.1 0
1.41 1.41 1.41 1
0.89 0.38 0.68 0
0.77 0.15 1.18 0
0.23 2.99 1.28 0
0.2 0.2 0.2 1
0.11 0.55 0.82 0
0.65 1.83 2.07 0
0.53 0.56 0.96 0
1.05 0.65 0.61 0
1.2 1.2 1.2 1
0.48 1.12 0.44 0
0.14 0.14 0.14 1
0.31 0.31 0.31 1
0.24 0.24 0.24 1
0.66 0.66 0.66 1
0.61 1.09 1.17 0
0.69 0.36 2.48 0
0.44 0.91 1.69 0
0.52 0.52 0.52 1
0.95 0.95 0.95 1
0.22 0.23 0.65 0
0.28 0.28 0.28 1
0.08 0.25 1.63 0
0.14 1.22 0.57 0
0.01 0.01 0.01 1
0.74 0.74 0.74 1
1.52 1.52 1.52 1
1.2 1.2 1.2 1
1.76 0.51 0.27 0
0.23 0.23 0.23 1
1.69 1.69 1.69 1
0.56 0.56 0.56 1
0.79 0.79 0.79 1
0.88 0.88 0.88 1
0.31 0.83 0.03 0
1.19 1.19 1.19 1
1.27 1.27 1.27 1
1.48 1.47 0.48 0
0.26 1.0 0.87 0
1.25 1.12 3.14 0
2.2 1.32 1.59 0
0.71 0.71 0.71 1
1.76 1.76 1.76 1
0.78 1.47 0.68 0
0.45 2.55 0.96 0
1.37 1.37 1.37 1
0.79 0.79 0.79 1
1.34 1.34 1.34 1
1.31 0.24 1.57 0
1.54 0.59 0.2 0
0.15 0.64 1.41 0
1.21 1.21 1.21 1
0.01 0.76 0.82 0
0.05 2.12 0.62 0
1.38 0.44 0.32 0
0.59 1.31 0.21 0
1.11 1.11 1.11 1
1.58 0.68 0.43 0
2.78 2.78 2.78 1
0.8 0.8 0.8 1
0.22 0.55 0.67 0
0.82 0.42 0.69 0
1.86 1.86 1.86 1
0.24 1.99 1.28 0
0.89 0.89 0.89 1
0.14 2.03 0.6 0
1.18 1.63 0.57 0
0.88 0.4 0.67 0
0.11 0.11 0.11 1
0.9 0.9 0.9 1
2.17 0.14 0.1 0
1.16 0.24 0.33 0
0.68 0.68 0.68 1
0.19 0.19 0.19 1
0.37 0.37 0.37 1
0.32 0.21 0.99 0
0.35 0.35 0.35 1
0.89 0.89 0.89 1
0.66 2.06 0.6 0
2.42 2.42 2.42 1
0.19 0.41 0.29 0
0.37 1.28 0.46 0
1.28 0.55 0.48 0
0.84 0.84 0.84 1
0.39 0.39 0.39 1
1.22 1.22 1.22 1
0.35 0.35 0.35 1
0.04 0.04 0.04 1
0.18 0.18 0.18 1
0.09 0.57 0.72 0
0.51 0.51 0.51 1
0.38 1.76 1.66 0
0.47 0.48 1.23 0
0.3 0.55 1.1 0
0.32 0.26 0.88 0
0.34 0.34 0.34 1
1.51 1.51 1.51 1
0.2 0.12 0.51 0
0.7 0.16 0.98 0
0.33 0.33 0.33 1
0.53 0.31 0.27 0
0.28 2.0 0.5 0
0.57 1.08 0.2 0
0.02 0.35 1.34 0
0.37 0.37 0.37 1
0.03 0.03 0.03 1
0.18 0.18 0.18 1
0.97 0.97 0.97 1
1.03 1.01 1.15 0
1.03 1.22 0.12 0
2.33 0.83 0.65 0
0.44 0.44 0.44 1
0.18 1.21 0.58 0
2.73 1.49 0.4 0
2.34 1.51 1.56 0
1.42 0.29 1.32 0
1.73 1.73 1.73 1
0.32 0.1 0.81 0
0.16 0.2 0.8 0
0.98 0.74 0.67 0
0.84 0.84 0.84 1
0.4 0.19 0.08 0
1.19 1.19 1.19 1
0.12 0.12 0.12 1
1.45 0.51 0.35 0
0.52 0.52 0.52 1
0.02 0.02 0.02 1
1.08 1.08 1.08 1
0.29 0.29 0.29 1
0.98 0.45 0.57 0
0.53 1.37 0.37 0
0.41 2.04 1.03 0
1.41 1.41 1.41 1
0.23 0.23 0.23 1
0.03 0.03 0.03 1
0.36 2.33 1.82 0
1.84 1.84 1.84 1
2.14 0.33 0.36 0
0.21 0.73 1.21 0
0.41 1.21 2.05 0
0.93 0.24 1.12 0
0.14 0.96 1.26 0
1.31 1.31 1.31 1
1.92 1.92 1.92 1
0.54 0.08 0.41 0
2.25 0.85 1.09 0
1.14 0.49 0.82 0
3.03 0.95 1.87 0
0.06 0.06 0.06 1
1.06 0.28 0.44 0
0.94 0.72 2.34 0
0.66 0.93 0.44 0
0.02 0.57 0.43 0
1.06 0.3 0.27 0
0.37 1.76 0.77 0
0.41 0.41 0.41 1
0.65 0.2 1.46 0
0.33 0.5 1.62 0
0.21 0.21 0.21 1
0.83 0.83 0.83 1
0.07 0.99 0.24 0
0.8 0.8 0.8 1
0.83 0.83 0.83 1
0.45 0.62 0.13 0
0.12 0.12 0.12 1
0.51 1.75 0.06 0
0.23 0.23 0.23 1
0.74 1.83 1.45 0
2.94 2.94 2.94 1
1.47 0.04 0.35 0
0.65 0.65 0.65 1
0.74 0.74 0.74 1
0.72 1.24 0.31 0
1.02 0.16 1.91 0
0.85 0.85 0.85 1
0.2 0.62 1.16 0
0.14 0.88 1.94 0
0.17 0.17 0.17 1
2.32 2.32 2.32 1
0.87 0.87 0.87 1
1.12 0.68 0.51 0
0.98 0.33 0.03 0
2.2 0.1 0.23 0
1.67 0.64 0.38 0
1.13 1.46 1.25 0
0.64 0.64 0.64 1
0.19 0.81 0.67 0
1.0 0.38 0.38 0
0.67 0.67 0.67 1
1.05 1.33 1.41 0
0.21 0.21 0.21 1
0.83 0.2 1.45 0
0.85 0.85 0.85 1
0.9 0.3 0.56 0
0.26 0.26 0.26 1
0.58 0.58 0.58 1
0.46 0.57 0.11 0
0.68 0.68 0.68 1
0.13 0.13 0.13 1
0.07 0.69 0.06 0
1.01 1.01 1.01 1
2.02 2.02 2.02 1
0.64 0.64 0.64 1
0.16 0.84 1.58 0
0.84 0.84 0.84 1
0.02 0.31 0.85 0
1.78 1.78 1.78 1
2.0 2.0 2.0 1
1.01 1.3 0.85 0
0.87 0.85 2.04 0
0.14 1.04 0.78 0
0.78 0.78 0.78 1
0.5 0.5 0.5 1
0.21 0.21 0.21 1
0.54 0.71 0.97 0
0.54 0.54 0.54 1
0.3 0.3 0.3 1
0.61 0.61 0.61 1
0.72 0.72 0.72 1
1.35 0.46 1.48 0
1.66 1.66 1.66 1
1.16 1.38 0.2 0
0.23 0.23 0.23 1
1.57 1.57 1.57 1
0.7 0.7 0.7 1
0.76 0.76 0.76 1
0.31 0.31 0.31 1
0.07 0.07 0.07 1
0.75 0.75 0.75 1
0.21 0.22 0.07 0
0.75 0.28 0.24 0
0.79 0.79 0.79 1
0.9 0.9 0.9 1
2.02 1.21 0.41 0
0.63 0.38 1.14 0
0.95 0.37 0.69 0
0.53 0.34 2.54 0
2.21 0.81 0.51 0
1.8 0.37 0.64 0
1.5 1.18 1.01 0
0.87 0.51 0.18 0
1.05 0.03 0.08 0
1.5 0.45 1.27 0
0.76 1.16 1.04 0
1.33 1.39 0.16 0
1.29 1.25 1.42 0
1.44 1.44 1.44 1
0.82 0.88 2.76 0
0.15 1.91 0.04 0
0.09 0.09 0.09 1
0.02 0.64 0.24 0
0.91 0.47 0.39 0
2.09 0.74 0.97 0
0.05 0.05 0.05 1
1.06 0.4 0.34 0
0.08 0.28 0.14 0
1.89 0.63 0.5 0
0.46 0.15 0.56 0
0.69 0.45 0.9 0
0.16 0.16 0.16 1
0.34 0.5 0.39 0
0.71 0.71 0.71 1
0.85 0.85 0.85 1
1.2 1.01 0.4 0
1.66 1.66 1.66 1
0.47 0.47 0.47 1
1.15 1.15 1.15 1
0.44 0.55 0.01 0
0.13 0.13 0.13 1
0.71 0.56 0.2 0
0.75 0.01 2.13 0
1.31 1.31 1.31 1
0.82 0.33 0.5 0
0.53 0.53 0.53 1
0.25 0.25 0.25 1
1.33 1.33 1.33 1
0.46 0.46 0.46 1
1.56 0.41 0.73 0
0.22 0.75 0.38 0
1.05 1.05 1.05 1
2.54 0.41 1.24 0
0.82 0.61 0.7 0
0.47 1.03 0.65 0
0.78 0.78 0.78 1
0.39 0.39 0.39 1
0.42 0.42 0.42 1
0.18 1.02 1.56 0
0.23 1.6 0.3 0
0.37 0.37 0.37 1
0.53 0.26 0.69 0
1.52 1.52 1.52 1
1.14 1.14 1.14 1
1.25 0.48 0.53 0
2.05 2.05 2.05 1
1.51 0.2 0.39 0
0.4 0.4 0.4 1
1.4 0.07 0.54 0
0.93 0.93 0.93 1
0.38 0.38 0.38 1
1.82 1.82 1.82 1
2.51 1.95 1.54 0
1.07 0.2 0.63 0
0.82 0.03 0.14 0
1.91 0.91 0.39 0
0.44 0.44 0.44 1
1.02 1.02 1.02 1
0.96 1.2 1.22 0
0.99 0.99 0.99 1
2.22 1.49 2.8 0
1.71 1.71 1.71 1
0.66 0.66 0.66 1
1.6 1.6 1.6 1
0.11 0.11 0.11 1
1.67 0.44 0.13 0
0.45 0.56 0.39 0
0.56 0.79 0.05 0
0.5 0.5 0.5 1
1.33 1.33 1.33 1
1.12 1.12 1.12 1
0.63 0.63 0.63 1
1.04 0.29 2.02 0
0.23 0.23 0.23 1
0.7 1.54 1.39 0
0.1 0.1 0.1 1
0.08 0.21 0.3 0
0.11 2.09 1.03 0
0.72 0.04 0.85 0
0.85 2.22 1.35 0
0.57 1.06 2.23 0
2.33 0.82 0.91 0
2.05 2.05 2.05 1
1.47 1.47 1.47 1
0.1 0.1 0.1 1
1.35 1.24 0.54 0
0.03 0.03 0.03 1
0.56 0.56 0.56 1
1.52 0.28 0.47 0
1.4 0.76 0.47 0
0.8 1.19 1.44 0
0.69 1.67 0.24 0
0.05 0.09 0.04 0
1.0 0.04 0.08 0
0.82 0.18 0.57 0
1.05 1.05 1.05 1
1.11 0.74 0.74 0
0.38 0.38 0.38 1
1.13 1.13 1.13 1
0.22 1.06 1.34 0
1.21 1.21 1.21 1
0.3 0.3 0.3 1
0.98 0.98 0.98 1
0.15 0.15 0.15 1
0.93 0.93 0.93 1
1.08 1.08 1.08 1
0.27 0.27 0.27 1
0.76 0.76 0.76 1
0.72 0.24 2.04 0
0.47 0.47 0.47 1
0.03 0.03 0.03 1
0.91 0.91 0.91 1
1.83 0.64 1.29 0
0.52 0.52 0.52 1
0.91 0.91 0.91 1
0.47 0.47 0.47 1
0.66 0.66 0.66 1
0.03 0.03 0.03 1
0.99 0.99 0.99 1
0.18 0.18 0.18 1
0.16 0.16 0.16 1
0.31 0.31 0.31 1
0.99 0.31 0.32 0
0.09 0.47 0.5 0
1.6 1.1 0.25 0
1.15 1.15 1.15 1
0.7 1.01 2.08 0
0.61 0.07 0.06 0
1.53 1.53 1.53 1
0.27 0.56 0.03 0
0.43 0.5 0.17 0
0.35 0.35 0.35 1
1.97 1.97 1.97 1
1.4 1.21 0.73 0
1.86 0.79 1.27 0
0.14 0.94 0.54 0
0.17 0.17 0.17 1
0.15 1.14 0.71 0
0.21 0.21 0.21 1
1.01 0.31 0.27 0
0.41 0.32 0.1 0
0.16 0.16 0.16 1
0.38 0.52 0.13 0
0.74 0.05 1.31 0
0.59 0.95 0.79 0
0.21 0.41 1.93 0
1.59 1.06 0.6 0
0.95 0.64 0.77 0
1.0 1.0 1.0 1
0.81 0.12 0.83 0
1.36 1.06 0.28 0
0.61 0.9 0.46 0
1.6 1.6 1.6 1
0.07 1.18 1.2 0
0.34 1.15 0.19 0
0.1 0.86 0.13 0
0.46 1.35 1.25 0
0.25 0.08 0.58 0
0.33 0.99 0.33 0
0.96 0.28 0.17 0
0.62 0.76 1.26 0
0.43 1.37 0.25 0
0.96 1.22 1.07 0
0.28 0.28 0.28 1
0.38 0.9 0.33 0
2.34 2.34 2.34 1
0.47 0.74 1.23 0
2.77 0.54 1.37 0
0.38 0.38 0.38 1
0.1 1.28 0.82 0
0.51 0.41 2.03 0
0.74 0.74 0.74 1
0.17 3.29 0.13 0
0.21 0.34 1.21 0
0.39 0.34 0.25 0
1.65 1.65 1.65 1
1.07 1.07 1.07 1
1.2 0.83 1.12 0
0.41 0.25 0.68 0
0.2 0.2 0.2 1
2.76 0.39 1.06 0
0.32 1.9 0.14 0
0.88 0.25 0.14 0
0.88 0.88 0.88 1
0.4 1.36 0.78 0
0.02 0.02 0.02 1
0.39 0.34 0.66 0
0.34 0.77 0.43 0
0.1 0.96 0.18 0
1.04 0.61 1.15 0
0.28 0.36 2.34 0
0.2 0.2 0.2 1
0.18 0.18 0.18 1
0.36 0.38 0.76 0
0.33 0.94 0.54 0
1.55 0.51 0.47 0
1.54 1.54 1.54 1
0.42 1.55 0.22 0
1.65 0.2 2.36 0
0.79 0.79 0.79 1
0.31 0.27 0.4 0
1.92 1.92 1.92 1
0.03 0.8 0.41 0
0.26 0.26 0.26 1
0.5 2.22 0.37 0
0.91 1.15 0.98 0
1.04 1.04 1.04 1
1.33 1.33 1.33 1
1.02 0.91 2.63 0
2.17 0.49 1.43 0
0.73 0.95 0.02 0
0.36 1.04 0.6 0
1.17 1.17 1.17 1
0.74 0.14 1.19 0
1.92 1.92 1.92 1
0.59 0.59 0.59 1
1.31 0.01 0.57 0
0.01 0.41 1.51 0
0.64 2.23 0.57 0
0.49 0.71 0.79 0
0.28 1.45 1.28 0
0.16 0.16 0.16 1
0.19 0.19 0.19 1
0.76 0.76 0.76 1
2.45 0.21 0.97 0
1.35 0.21 0.45 0
0.66 1.22 1.4 0
1.94 1.94 1.94 1
1.14 1.36 1.67 0
0.78 1.92 0.35 0
0.95 1.57 1.64 0
1.73 1.73 1.73 1
0.34 0.09 1.11 0
1.23 1.23 1.23 1
1.87 0.42 0.15 0
1.86 1.86 1.86 1
0.56 0.56 0.56 1
0.5 0.5 0.5 1
0.49 0.49 0.49 1
0.05 0.64 1.44 0
1.14 1.14 1.14 1
0.17 1.6 0.2 0
1.17 1.17 1.17 1
2.11 2.11 2.11 1
0.55 0.55 0.16 0
0.88 1.12 1.53 0
0.32 0.32 0.32 1
0.31 0.31 0.31 1
0.24 0.24 0.24 1
1.0 1.0 1.0 1
0.71 0.71 0.71 1
0.59 0.49 1.64 0
0.8 0.8 0.8 1
0.78 0.39 0.26 0
1.21 0.81 1.94 0
0.95 1.36 0.73 0
0.3 0.3 0.3 1
0.74 0.49 0.62 0
2.31 2.31 2.31 1
0.25 0.04 0.77 0
0.1 0.15 2.93 0
0.32 0.59 0.42 0
0.28 0.66 0.44 0
0.62 0.62 0.62 1
0.42 0.42 0.42 1
0.39 0.39 0.39 1
0.74 0.74 0.74 1
2.05 2.05 2.05 1
0.32 0.32 0.32 1
1.45 1.45 1.45 1
0.44 0.44 0.44 1
0.03 1.53 0.41 0
0.22 0.16 0.4 0
2.25 0.5 0.37 0
2.45 2.45 2.45 1
0.78 0.61 0.57 0
0.69 0.69 0.69 1
0.11 0.64 0.27 0
0.83 0.83 0.83 1
0.71 0.71 0.71 1
0.71 1.57 0.13 0
1.65 1.65 1.65 1
2.52 2.52 2.52 1
1.29 1.29 1.29 1
1.01 0.39 0.52 0
1.41 1.41 1.41 1
0.42 0.13 1.01 0
0.16 0.16 0.16 1
1.58 1.58 1.58 1
1.1 1.1 1.1 1
0.48 1.06 0.64 0
1.4 1.82 2.26 0
2.15 2.15 2.15 1
0.9 0.9 0.9 1
1.26 1.06 2.2 0
1.11 1.11 1.11 1
0.29 1.25 0.51 0
0.15 0.36 1.11 0
0.1 0.58 1.45 0
0.28 0.28 0.28 1
0.47 1.02 0.1 0
1.23 0.24 1.23 0
1.03 1.7 0.41 0
0.56 0.56 0.56 1
0.16 0.16 0.16 1
0.16 0.16 0.16 1
0.73 0.57 0.67 0
0.68 0.68 0.68 1
0.38 0.68 0.27 0
1.17 0.65 0.62 0
1.67 1.67 1.67 1
1.38 1.38 1.38 1
2.31 2.31 2.31 1
0.69 0.69 0.69 1
1.4 0.14 0.08 0
2.86 2.86 2.86 1
1.09 1.27 0.8 0
0.93 0.93 0.93 1
0.39 0.26 0.4 0
0.68 0.68 0.68 1
0.48 0.48 0.48 1
0.02 2.35 0.61 0
1.3 1.22 0.26 0
1.05 1.05 1.05 1
0.03 0.2 0.99 0
1.18 1.18 1.18 1
0.6 0.56 0.08 0
2.37 0.88 0.33 0
1.58 1.58 1.58 1
0.33 1.1 0.51 0
0.94 1.32 0.05 0
1.12 1.12 1.12 1
0.23 0.23 0.23 1
0.1 0.38 1.58 0
0.6 0.6 0.6 1
1.18 1.52 1.44 0
1.78 0.09 0.45 0
0.34 0.02 0.54 0
1.2 1.2 1.2 1
0.5 0.71 1.33 0
1.82 1.82 1.82 1
0.06 0.06 0.06 1
1.09 1.09 1.09 1
0.5 0.5 0.5 1
0.16 1.56 0.99 0
0.22 0.18 0.37 0
1.37 1.37 1.37 1
0.41 0.41 0.41 1
0.7 0.72 0.51 0
0.81 1.48 1.27 0
0.69 2.31 1.1 0
0.7 0.18 0.53 0
0.53 1.13 0.23 0
0.92 0.92 0.92 1
0.63 0.63 0.63 1
1.24 0.65 0.16 0
0.55 0.55 0.55 1
0.31 0.01 0.35 0
1.06 1.06 1.06 1
2.06 0.67 0.45 0
0.41 0.41 0.41 1
0.93 2.47 1.35 0
0.42 0.42 0.42 1
1.01 1.25 0.92 0
0.98 0.56 0.85 0
1.89 0.31 0.25 0
0.12 0.61 1.6 0
1.51 0.45 1.13 0
0.55 0.55 0.55 1
1.1 1.1 1.1 1
0.94 1.18 1.14 0
0.62 0.39 2.59 0
1.2 2.29 0.13 0
0.93 0.93 0.93 1
0.92 0.3 0.13 0
0.77 2.39 0.74 0
1.75 1.75 1.75 1
1.86 1.18 1.02 0
0.91 0.91 0.91 1
3.23 0.18 0.55 0
0.46 0.46 0.46 1
0.32 0.97 1.27 0
1.27 0.06 0.37 0
0.42 0.03 0.04 0
0.91 0.91 0.91 1
1.28 1.28 1.28 1
0.9 1.51 0.33 0
0.95 1.01 1.37 0
0.49 0.49 0.49 1
0.65 0.65 0.65 1
0.61 0.61 0.61 1
0.24 0.24 0.24 1
0.56 0.56 0.56 1
1.47 1.47 1.47 1
0.73 0.73 0.73 1
1.81 0.09 1.98 0
0.11 0.93 0.8 0
1.02 1.16 1.29 0
1.47 1.61 1.21 0
1.1 1.1 1.1 1
0.22 0.22 0.22 1
0.62 0.79 1.2 0
0.29 0.29 0.29 1
0.77 0.77 0.77 1
1.32 1.32 1.32 1
0.81 0.81 0.81 1
0.05 0.05 0.05 1
1.11 1.11 1.11 1
1.08 0.84 0.89 0
0.94 0.94 0.94 1
0.02 0.06 0.55 0
0.78 1.07 0.61 0
0.16 1.53 0.95 0
1.75 0.54 0.99 0
0.3 0.3 0.3 1
1.08 1.03 1.56 0
0.73 1.26 1.02 0
0.42 0.42 0.42 1
0.07 0.07 0.07 1
1.22 1.22 1.22 1
0.49 0.49 0.49 1
1.01 0.44 1.55 0
0.41 0.41 0.41 1
2.78 2.78 2.78 1
1.04 1.04 1.04 1
0.83 0.83 0.83 1
1.27 1.27 1.27 1
0.78 0.78 0.78 1
1.23 1.23 1.23 1
1.31 0.54 0.33 0
0.98 1.41 0.08 0
1.72 1.72 1.72 1
2.0 1.42 0.67 0
1.99 1.99 1.99 1
0.39 0.39 0.39 1
0.14 1.72 1.44 0
1.73 0.65 0.66 0
1.06 1.06 1.06 1
1.96 0.06 0.56 0
0.26 0.7 0.43 0
2.09 2.09 2.09 1
0.7 0.7 0.7 1
0.88 0.88 0.88 1
2.84 0.4 1.84 0
0.65 0.65 0.65 1
1.85 0.77 0.22 0
1.64 1.64 1.64 1
0.88 0.88 0.88 1
0.65 0.65 0.65 1
0.49 0.35 0.73 0
1.3 1.3 1.3 1
1.74 1.74 1.74 1
0.09 0.33 0.46 0
1.07 0.17 0.01 0
0.16 1.04 0.35 0
1.34 1.34 1.34 1
0.62 0.44 1.24 0
2.87 0.77 0.14 0
0.09 1.33 0.24 0
0.03 0.61 0.17 0
0.7 0.74 0.87 0
1.7 1.7 1.7 1
1.37 1.37 1.37 1
0.07 0.07 0.07 1
1.71 0.29 0.16 0
0.15 0.15 0.15 1
0.09 1.83 0.13 0
0.33 0.33 0.33 1
0.23 0.23 0.23 1
0.04 0.04 0.04 1
0.37 0.37 0.37 1
0.05 0.05 0.05 1
0.85 0.85 0.85 1
0.58 1.17 0.51 0
0.12 0.12 0.12 1
1.45 1.45 1.45 1
0.07 0.07 0.07 1
0.73 0.73 0.73 1
0.31 0.31 0.31 1
1.41 2.34 1.03 0
0.53 0.66 0.89 0
1.6 1.6 1.6 1
0.55 0.55 0.55 1
0.03 0.32 1.36 0
1.13 0.78 0.45 0
